2.162983e-17
-2.368982e-17
-7.453890e-20
9.351244e-18
-7.447114e-18
6.906368e-17
-1.856696e-18
-2.970714e-17
-9.425783e-18
-3.206528e-17
1.756408e-17
-4.125389e-17
-1.055403e-17
3.130634e-17
7.480995e-18
4.001384e-17
3.144186e-18
1.355253e-16
1.257675e-17
-3.428789e-17
1.496199e-16
1.379647e-17
-1.332711e-17
3.659182e-19
4.217546e-17
-8.158621e-18
2.377113e-17
-6.986645e-18
-1.376937e-17
-3.415237e-18
-1.847887e-17
-1.858390e-18
1.631724e-17
-3.645630e-17
-1.858390e-18
1.875670e-17
3.225501e-18
5.823860e-17
-4.675622e-18
8.684459e-17
-6.396793e-18
-2.210417e-17
8.608565e-17
2.490954e-17
-1.859428e-17
-6.085085e-18
2.214483e-17
1.070650e-17
7.307523e-17
2.515349e-17
-1.396842e-17
1.441989e-16
1.593777e-17
-4.054916e-17
6.591949e-17
6.388661e-17
-6.654053e-18
2.135878e-17
-1.956558e-17
1.926153e-17
4.919229e-17
-1.457966e-17
1.277190e-16
1.355253e-18
-2.986287e-18
1.372600e-16
6.112190e-17
-4.028489e-18
3.794708e-17
-1.373157e-17
7.033762e-18
5.963112e-18
-5.488773e-18
4.953449e-18
6.158268e-17
-2.043941e-17
6.516055e-17
8.565197e-18
-4.975121e-18
6.657001e-17
4.556021e-17
-9.635847e-18
1.413800e-16
2.542454e-17
-9.842521e-18
1.355253e-16
1.843144e-18
-2.005774e-17
1.452831e-16
1.173649e-17
-3.734399e-17
1.306464e-17
-2.371015e-17
6.505213e-18
3.030345e-17
-3.071003e-17
6.049848e-17
-1.067939e-17
2.873136e-18
7.068998e-17
3.011372e-17
-2.722025e-17
1.311885e-17
-3.012833e-17
2.415738e-18
1.994932e-17
-1.675092e-17
5.319367e-18
2.470965e-17
-2.367626e-17
8.456777e-18
1.138412e-18
-1.448765e-17
1.225148e-17
4.978013e-17
-2.427258e-17
9.497611e-17
8.836248e-18
-1.388033e-17
6.440161e-17
-1.035413e-17
4.011548e-18
1.040834e-16
-1.840433e-17
-4.047462e-17
-4.358493e-17
-4.759648e-17
-7.833361e-18
-1.886512e-17
-2.146720e-17
-1.376937e-17
1.626303e-19
-8.538092e-18
-7.860466e-18
-4.153850e-17
-3.024924e-17
-4.430271e-17
-4.177566e-18
-7.318365e-18
-3.738465e-17
1.939705e-18
-2.059984e-17
-2.585822e-17
-2.634611e-17
-1.832302e-17
-2.220920e-18
5.312591e-18
-2.545165e-17
3.014082e-17
-1.577514e-17
-1.139609e-17
-4.506215e-18
-1.783513e-17
2.087089e-18
2.862294e-17
1.680513e-17
-6.483529e-17
-1.385746e-17
1.254964e-17
1.853986e-17
1.566672e-17
1.544988e-18
1.363926e-16
1.485357e-17
-2.566849e-17
1.402958e-16
1.704908e-17
-4.488597e-17
3.523657e-18
2.509928e-17
9.486769e-18
2.466560e-17
5.258381e-18
1.383442e-16
2.097931e-17
-3.754050e-17
1.381274e-16
1.428436e-17
-2.093273e-17
-5.556536e-18
1.642566e-17
1.176359e-17
7.405101e-17
1.504331e-17
-1.338820e-17
1.394284e-16
1.612751e-17
-4.656648e-17
7.621941e-17
8.782038e-18
-1.295628e-17
1.916869e-16
1.273938e-18
-4.212954e-18
1.882175e-16
2.345942e-17
-1.687748e-17
1.804112e-16
3.469447e-18
-4.203806e-18
1.821460e-16
1.591067e-17
-2.385245e-18
1.847481e-16
5.366801e-18
-7.739511e-18
1.916869e-16
4.119968e-18
-1.799776e-17
1.895185e-16
-6.505213e-19
-2.122326e-17
1.136244e-16
-5.068645e-18
1.596488e-17
1.249001e-16
1.349832e-17
-2.661716e-17
1.051676e-16
-5.312591e-18
1.309174e-17
1.073360e-16
5.475221e-18
-1.817394e-17
1.643650e-16
-2.656295e-18
-2.974780e-18
1.207801e-16
-2.764716e-18
9.703609e-18
1.678345e-16
-8.700722e-18
-2.862294e-17
-1.517883e-17
2.157562e-17
5.095750e-18
-9.649399e-18
-2.423192e-17
-1.729302e-17
1.051676e-17
4.458781e-18
-7.399680e-18
-2.477402e-17
6.028164e-17
-1.206175e-17
-2.536864e-18
3.242442e-18
-5.664956e-18
2.130457e-17
6.082374e-17
1.352542e-17
-2.986977e-17
1.052015e-17
3.957338e-18
1.572093e-17
-1.778092e-17
1.057097e-17
1.214306e-16
1.477225e-17
-2.818926e-17
1.296706e-16
1.322727e-17
-4.439808e-17
1.470449e-18
1.301043e-17
1.387779e-17
8.131516e-19
1.428436e-17
1.446326e-16
1.141123e-17
-3.461315e-17
1.450663e-16
8.321252e-18
-8.959915e-18
4.563814e-18
-6.125742e-18
1.441989e-17
6.299215e-17
-2.385245e-18
-8.055283e-18
1.270685e-16
1.176359e-17
-3.247186e-17
6.505213e-17
-3.447763e-17
-8.596711e-18
1.925543e-16
1.518222e-17
6.343154e-18
1.895185e-16
-5.692061e-18
-9.996018e-18
2.068658e-16
2.236167e-18
3.547943e-18
2.077331e-16
-2.802663e-17
5.908902e-18
1.691355e-16
-1.008308e-17
-1.480693e-18
1.955901e-16
1.416917e-17
-1.719816e-17
1.706534e-16
-2.423192e-17
-1.713039e-17
4.575333e-17
7.846913e-18
2.385245e-17
4.488597e-17
-1.929880e-17
-2.152141e-17
9.822872e-17
5.773377e-18
2.331035e-17
9.866240e-17
-2.976135e-17
-2.373048e-17
1.251169e-16
-8.429672e-18
3.527045e-18
4.358493e-17
1.240056e-17
2.714571e-17
1.255506e-16
-1.002887e-17
-6.505213e-18
-4.174178e-18
1.349832e-17
-5.194006e-18
-1.095044e-17
-1.783513e-17
-8.239937e-18
2.092510e-17
-1.182458e-18
-1.447410e-17
-7.752046e-18
1.919038e-17
-6.884684e-18
2.447078e-18
-2.696953e-18
4.607859e-19
1.366095e-17
2.135878e-17
-4.336809e-19
4.472334e-18
-3.686287e-17
6.234162e-18
7.833361e-18
-1.713039e-17
2.779962e-18
5.421011e-19
6.803369e-18
-3.529078e-17
6.410345e-18
6.451003e-17
1.335940e-17
-1.436568e-17
6.722053e-17
4.878910e-19
1.890578e-18
-1.062523e-18
-1.593777e-17
6.640738e-18
-1.585646e-17
2.940898e-18
-4.235165e-21
-4.878910e-17
-2.336874e-18
-5.323433e-17
-4.244709e-18
9.042246e-17
1.913956e-17
5.049172e-18
9.172350e-17
-4.965646e-17
1.961728e-18
-2.173825e-17
-1.182615e-18
-1.536518e-18
-2.049142e-17
-5.204170e-18
-2.005774e-17
-8.348357e-18
2.385245e-17
8.334804e-19
1.222438e-17
2.320193e-17
-3.718813e-17
-4.384243e-18
-1.005598e-17
-2.466560e-18
1.855002e-19
-3.604972e-18
-2.940898e-18
-5.095750e-18
-3.198396e-18
-3.415237e-18
6.884684e-18
-3.804872e-18
-1.122149e-17
-3.550762e-18
-2.290377e-18
-1.721171e-18
-1.384369e-20
