406
2.678968e-04
5.547622e-05
4.801981e-05
1.669421e-04
-4.570450e-05
-6.625065e-05
-3.495910e-05
4.785980e-04
3.321708e-05
-2.709490e-05
2.457889e-04
2.662203e-04
-2.735427e-05
1.779793e-04
-2.765244e-04
4.815337e-05
-1.658721e-04
-1.182770e-03
3.820925e-04
1.710559e-04
-1.192466e-03
2.125571e-04
-1.567758e-07
2.804422e-05
6.194121e-05
-4.863440e-05
2.107850e-04
-5.231442e-07
-1.991554e-05
3.613748e-04
4.630811e-05
-9.918672e-06
2.590703e-04
1.491048e-04
-9.866905e-06
1.643178e-04
-1.499194e-04
-1.883094e-05
-8.870362e-05
-6.775952e-04
4.469927e-04
9.222871e-05
-6.753339e-04
2.119078e-04
-4.675336e-07
-1.998697e-05
1.248280e-04
-2.301575e-04
-6.759429e-04
2.144651e-04
1.874013e-06
-1.199375e-03
3.035411e-04
2.355139e-04
-6.736440e-04
-1.583335e-04
-6.021271e-18
5.762131e-04
-2.113935e-17
-2.589497e-05
-6.995978e-06
-4.624649e-18
-1.616831e-03
4.465525e-04
-1.265987e-17
-1.622189e-03
-1.339692e-04
-1.624655e-05
2.122745e-04
-1.425078e-17
-1.831013e-05
5.495162e-04
1.550465e-05
-3.065073e-05
-9.988798e-05
-1.565021e-17
-9.176737e-04
5.333232e-04
-9.956494e-18
-9.172223e-04
7.851406e-06
-8.483136e-05
-1.514345e-03
2.191820e-04
-9.695304e-18
-1.636343e-03
4.290170e-04
8.887742e-05
-1.519245e-03
-6.625065e-05
3.495910e-05
4.785980e-04
-3.321708e-05
-2.709490e-05
4.815337e-05
1.658721e-04
-1.182770e-03
3.820925e-04
-1.710559e-04
-1.192466e-03
-1.339692e-04
1.624655e-05
2.107850e-04
5.231442e-07
-1.991554e-05
5.495162e-04
-1.550465e-05
-3.065073e-05
-1.883094e-05
8.870362e-05
-6.775952e-04
4.469927e-04
-9.222871e-05
-6.753339e-04
7.851406e-06
8.483136e-05
-1.514345e-03
2.144651e-04
-1.874013e-06
-1.199375e-03
4.290170e-04
-8.887742e-05
-1.519245e-03
1.669421e-04
4.570450e-05
2.678968e-04
-5.547622e-05
4.801981e-05
1.779793e-04
2.765244e-04
2.457889e-04
-2.662203e-04
-2.735427e-05
6.194121e-05
4.863440e-05
2.125571e-04
1.567758e-07
2.804422e-05
3.613748e-04
-4.630811e-05
-9.918672e-06
1.643178e-04
1.499194e-04
2.590703e-04
-1.491048e-04
-9.866905e-06
1.248280e-04
2.301575e-04
-6.759429e-04
2.119078e-04
4.675336e-07
-1.998697e-05
3.035411e-04
-2.355139e-04
-6.736440e-04
2.070704e-04
3.656699e-04
-2.527105e-05
2.099741e-04
-3.595568e-04
2.267086e-04
-2.143614e-04
-1.597181e-03
2.142550e-04
2.356259e-04
-1.602340e-03
2.266401e-04
3.373854e-04
-3.063857e-05
1.969459e-04
-3.409545e-04
1.350100e-04
-2.048067e-04
-1.507095e-03
3.007000e-04
2.178208e-04
-1.512045e-03
2.098842e-04
6.468364e-06
-1.810458e-05
2.131369e-04
-3.012794e-04
-9.056612e-04
2.204337e-04
9.912399e-06
-1.616366e-03
2.081694e-04
3.233504e-04
-9.037520e-04
2.434676e-04
1.244536e-18
-2.184804e-03
2.229463e-04
-1.834179e-17
-2.188058e-03
1.124073e-04
-4.012442e-18
-2.062881e-03
3.374089e-04
-1.708357e-17
-2.065930e-03
2.383785e-04
-1.096993e-04
-2.044634e-03
2.328259e-04
-7.825493e-18
-2.209212e-03
2.199499e-04
1.231728e-04
-2.047425e-03
2.267086e-04
2.143614e-04
-1.597181e-03
2.142550e-04
-2.356259e-04
-1.602340e-03
1.350100e-04
2.048067e-04
-1.507095e-03
3.007000e-04
-2.178208e-04
-1.512045e-03
2.383785e-04
1.096993e-04
-2.044634e-03
2.204337e-04
-9.912399e-06
-1.616366e-03
2.199499e-04
-1.231728e-04
-2.047425e-03
2.099741e-04
3.595568e-04
2.070704e-04
-3.656699e-04
-2.527105e-05
1.969459e-04
3.409545e-04
2.266401e-04
-3.373854e-04
-3.063857e-05
2.131369e-04
3.012794e-04
-9.056612e-04
2.098842e-04
-6.468364e-06
-1.810458e-05
2.081694e-04
-3.233504e-04
-9.037520e-04
1.440599e-04
2.676980e-04
-1.791517e-05
2.174186e-04
-2.659488e-04
3.994746e-04
-1.420748e-04
-1.132736e-03
5.875692e-05
1.686800e-04
-1.138634e-03
1.837740e-04
3.408006e-04
-2.573804e-05
2.163750e-04
-3.307313e-04
3.166809e-04
-1.900990e-04
-1.477218e-03
1.306161e-04
2.185652e-04
-1.481517e-03
1.759813e-04
4.985859e-06
-1.550907e-05
2.916965e-04
-2.096744e-04
-6.592133e-04
2.300702e-04
1.222252e-05
-1.146728e-03
1.068817e-04
2.392567e-04
-6.531466e-04
4.957039e-04
1.372207e-20
-1.534263e-03
2.514252e-05
-5.045017e-18
-1.537572e-03
3.738040e-04
2.562711e-18
-2.011382e-03
1.154354e-04
-1.015704e-17
-2.016003e-03
4.696284e-04
-7.056213e-05
-1.436945e-03
2.622540e-04
-2.728618e-18
-1.550401e-03
3.471833e-05
8.641412e-05
-1.441070e-03
3.994746e-04
1.420748e-04
-1.132736e-03
5.875692e-05
-1.686800e-04
-1.138634e-03
3.166809e-04
1.900990e-04
-1.477218e-03
1.306161e-04
-2.185652e-04
-1.481517e-03
4.696284e-04
7.056213e-05
-1.436945e-03
2.300702e-04
-1.222252e-05
-1.146728e-03
3.471833e-05
-8.641412e-05
-1.441070e-03
2.174186e-04
2.659488e-04
1.440599e-04
-2.676980e-04
-1.791517e-05
2.163750e-04
3.307313e-04
1.837740e-04
-3.408006e-04
-2.573804e-05
2.916965e-04
2.096744e-04
-6.592133e-04
1.759813e-04
-4.985859e-06
-1.550907e-05
1.068817e-04
-2.392567e-04
-6.531466e-04
1.826198e-04
-9.044609e-05
4.905560e-04
-6.442174e-05
9.453596e-05
1.271571e-04
-1.440418e-05
1.848713e-04
-1.549493e-04
4.633540e-04
-7.742219e-05
-6.273028e-04
1.239888e-05
8.646976e-05
-6.322643e-04
1.121169e-04
-4.770456e-05
-1.677822e-07
3.227190e-04
-7.927707e-05
2.404642e-04
-3.280982e-05
-3.852208e-06
6.159744e-04
5.781413e-19
5.882839e-04
3.526822e-19
-8.213115e-04
-1.687510e-05
-9.327913e-19
-8.312382e-04
5.861911e-04
-2.993170e-05
2.996346e-04
2.873579e-19
-1.176936e-06
4.905560e-04
6.442174e-05
4.633540e-04
7.742219e-05
-6.273028e-04
1.239888e-05
-8.646976e-05
-6.322643e-04
5.861911e-04
2.993170e-05
2.404642e-04
3.280982e-05
-3.852208e-06
1.826198e-04
9.044609e-05
1.848713e-04
1.549493e-04
9.453596e-05
-1.271571e-04
-1.440418e-05
3.227190e-04
7.927707e-05
1.121169e-04
4.770456e-05
-1.677822e-07
